jpl horizon calculations:
    - Sun:          103.7509843
    - Moon:         239.6478109
    - Mars:         89.7470815
    - Mercury:      127.6535734
    - Jupiter:      357.8234611
    - Venus:        73.6577754
    - Saturn:       32.2273432

my calculations:
    - Sun:          79.5240702835978
    - Moon:         -
    - Mars:         65.8376004409144
    - Mercury:      84.71355282552469
    - Jupiter:      340.27610894243367
    - Venus:        58.976177630036254
    - Saturn:       7.543238944131986
